
Iterations = 1010:11000
Thinning interval = 10 
Number of chains = 3 
Sample size per chain = 1000 

1. Empirical mean and standard deviation for each variable,
   plus standard error of the mean:

                         Mean        SD  Naive SE Time-series SE
loglambda[1,1,1,1,1]  -1.4219 0.0040437 7.383e-05      1.129e-03
loglambda[1,2,1,1,1] -27.6455 3.1187006 5.694e-02      1.758e-01
loglambda[1,3,1,1,1]   5.9756 3.2021425 5.846e-02      5.422e-02
loglambda[1,4,1,1,1]   5.2053 0.1894953 3.460e-03      3.287e-03
loglambda[1,5,1,1,1]   8.7516 1.9527180 3.565e-02      7.701e-02
loglambda[1,6,1,1,1]   6.4371 2.7802059 5.076e-02      1.407e-01
loglambda[1,7,1,1,1]   8.9515 1.8330831 3.347e-02      7.185e-02
loglambda[1,1,2,1,1] -44.7531 3.2372349 5.910e-02      1.930e-01
loglambda[1,2,2,1,1]  -0.9278 0.0005139 9.382e-06      1.754e-05
loglambda[1,3,2,1,1]   6.0358 3.1906018 5.825e-02      5.776e-02
loglambda[1,4,2,1,1]   9.1182 1.8889954 3.449e-02      7.151e-02
loglambda[1,5,2,1,1]   4.9853 0.2550053 4.656e-03      4.683e-03
loglambda[1,6,2,1,1]   6.7352 2.7557924 5.031e-02      1.362e-01
loglambda[1,7,2,1,1]   9.1929 1.9776975 3.611e-02      8.034e-02
loglambda[1,1,3,1,1]   6.0120 3.2124807 5.865e-02      5.866e-02
loglambda[1,2,3,1,1]   6.0593 3.1823888 5.810e-02      5.720e-02
loglambda[1,3,3,1,1]   5.9440 3.2522971 5.938e-02      6.001e-02
loglambda[1,4,3,1,1]   5.9331 3.2629556 5.957e-02      1.923e-01
loglambda[1,5,3,1,1]   5.9689 3.1346707 5.723e-02      1.942e-01
loglambda[1,6,3,1,1]   5.6675 3.3119823 6.047e-02      2.104e-01
loglambda[1,7,3,1,1]   6.0181 3.0264637 5.526e-02      1.671e-01
loglambda[1,1,4,1,1]   2.9470 0.2081361 3.800e-03      3.800e-03
loglambda[1,2,4,1,1]   7.4839 2.2193022 4.052e-02      1.057e-01
loglambda[1,3,4,1,1]   5.9070 3.3031167 6.031e-02      2.046e-01
loglambda[1,4,4,1,1]   0.3870 0.0010619 1.939e-05      3.107e-04
loglambda[1,5,4,1,1]   2.6450 0.0359762 6.568e-04      6.569e-04
loglambda[1,6,4,1,1]   3.1201 0.2354164 4.298e-03      4.676e-03
loglambda[1,7,4,1,1]   2.6318 0.0274471 5.011e-04      6.856e-03
loglambda[1,1,5,1,1]   7.6344 2.3763645 4.339e-02      1.128e-01
loglambda[1,2,5,1,1]   3.1895 0.2799152 5.111e-03      6.358e-03
loglambda[1,3,5,1,1]   6.2040 3.1005823 5.661e-02      1.807e-01
loglambda[1,4,5,1,1]   3.4039 0.0421785 7.701e-04      7.428e-04
loglambda[1,5,5,1,1]   0.2253 0.0008328 1.520e-05      2.165e-04
loglambda[1,6,5,1,1]   4.5404 0.7706411 1.407e-02      1.706e-02
loglambda[1,7,5,1,1]   3.0552 0.0409560 7.478e-04      9.984e-03
loglambda[1,1,6,1,1]   5.8804 3.1427498 5.738e-02      5.861e-02
loglambda[1,2,6,1,1]   6.0356 3.1287489 5.712e-02      5.709e-02
loglambda[1,3,6,1,1]   6.0315 3.2341472 5.905e-02      6.076e-02
loglambda[1,4,6,1,1]   5.5014 0.2363974 4.316e-03      4.271e-03
loglambda[1,5,6,1,1]   6.3351 0.7509340 1.371e-02      1.451e-02
loglambda[1,6,6,1,1]  -1.1457 0.0002888 5.272e-06      1.148e-05
loglambda[1,7,6,1,1]   5.0705 0.1742544 3.181e-03      6.131e-03
loglambda[1,1,7,1,1]   8.3270 2.2099900 4.035e-02      9.142e-02
loglambda[1,2,7,1,1]   8.0672 2.0077327 3.666e-02      7.974e-02
loglambda[1,3,7,1,1]   5.5906 3.3440373 6.105e-02      2.038e-01
loglambda[1,4,7,1,1]   2.8123 0.0245877 4.489e-04      4.489e-04
loglambda[1,5,7,1,1]   2.7867 0.0367422 6.708e-04      6.700e-04
loglambda[1,6,7,1,1]   3.8950 0.2057475 3.756e-03      4.829e-03
loglambda[1,7,7,1,1]   7.8653 2.1801491 3.980e-02      1.355e-01
loglambda[1,1,1,2,1]   6.0569 3.2631594 5.958e-02      5.959e-02
loglambda[1,2,1,2,1]   6.1463 3.2249630 5.888e-02      5.987e-02
loglambda[1,3,1,2,1]   6.1609 3.2855950 5.999e-02      5.552e-02
loglambda[1,4,1,2,1]   7.2876 2.5258460 4.612e-02      1.253e-01
loglambda[1,5,1,2,1]   6.4524 2.6819476 4.897e-02      1.644e-01
loglambda[1,6,1,2,1]   6.0637 3.1902671 5.825e-02      6.269e-02
loglambda[1,7,1,2,1]   7.3063 2.4286962 4.434e-02      1.178e-01
loglambda[1,1,2,2,1]   6.0078 3.1757383 5.798e-02      5.708e-02
loglambda[1,2,2,2,1]   5.9586 3.2200183 5.879e-02      5.874e-02
loglambda[1,3,2,2,1]   5.9037 3.2148458 5.869e-02      5.867e-02
loglambda[1,4,2,2,1]   7.0804 2.4245326 4.427e-02      1.052e-01
loglambda[1,5,2,2,1]   6.8619 2.8304191 5.168e-02      1.694e-01
loglambda[1,6,2,2,1]   6.0067 3.2530529 5.939e-02      5.935e-02
loglambda[1,7,2,2,1]   7.2798 2.3237637 4.243e-02      1.174e-01
loglambda[1,1,3,2,1]   6.0500 3.1839983 5.813e-02      6.015e-02
loglambda[1,2,3,2,1]   5.8920 3.1791348 5.804e-02      5.688e-02
loglambda[1,3,3,2,1]   6.0440 3.1616944 5.772e-02      5.576e-02
loglambda[1,4,3,2,1]   6.1031 3.2029694 5.848e-02      1.868e-01
loglambda[1,5,3,2,1]   6.2259 3.1819688 5.809e-02      1.858e-01
loglambda[1,6,3,2,1]   5.9551 3.1512349 5.753e-02      5.667e-02
loglambda[1,7,3,2,1]   6.1199 3.1723046 5.792e-02      1.872e-01
loglambda[1,1,4,2,1]   6.1438 3.2189738 5.877e-02      1.854e-01
loglambda[1,2,4,2,1]   6.2837 3.2704618 5.971e-02      1.903e-01
loglambda[1,3,4,2,1]   5.9338 3.1818822 5.809e-02      1.796e-01
loglambda[1,4,4,2,1]   2.4887 0.1356128 2.476e-03      2.417e-03
loglambda[1,5,4,2,1]   7.5476 2.1661395 3.955e-02      9.851e-02
loglambda[1,6,4,2,1]   6.1800 3.3304880 6.081e-02      2.071e-01
loglambda[1,7,4,2,1]   7.6011 2.1549281 3.934e-02      9.407e-02
loglambda[1,1,5,2,1]   5.9777 3.1814020 5.808e-02      1.930e-01
loglambda[1,2,5,2,1]   5.9640 3.2280274 5.894e-02      1.936e-01
loglambda[1,3,5,2,1]   5.6565 3.2634960 5.958e-02      1.999e-01
loglambda[1,4,5,2,1]   7.8549 2.3252902 4.245e-02      1.029e-01
loglambda[1,5,5,2,1]   4.5708 0.7693103 1.405e-02      1.664e-02
loglambda[1,6,5,2,1]   5.9579 3.3298883 6.080e-02      2.084e-01
loglambda[1,7,5,2,1]   7.7813 2.2600285 4.126e-02      1.000e-01
loglambda[1,1,6,2,1]   5.9730 3.2417622 5.919e-02      5.869e-02
loglambda[1,2,6,2,1]   5.9262 3.2934483 6.013e-02      6.144e-02
loglambda[1,3,6,2,1]   6.0824 3.1897928 5.824e-02      5.577e-02
loglambda[1,4,6,2,1]   7.1072 2.3610648 4.311e-02      1.065e-01
loglambda[1,5,6,2,1]   2.3209 2.9073962 5.308e-02      2.837e-01
loglambda[1,6,6,2,1]   5.9768 3.1819550 5.809e-02      5.782e-02
loglambda[1,7,6,2,1]   7.3424 2.4435168 4.461e-02      1.163e-01
loglambda[1,1,7,2,1]   6.2294 3.1888491 5.822e-02      1.853e-01
loglambda[1,2,7,2,1]   6.0215 3.1988412 5.840e-02      1.904e-01
loglambda[1,3,7,2,1]   6.0291 3.0792435 5.622e-02      1.758e-01
loglambda[1,4,7,2,1]   8.1657 1.9572385 3.573e-02      7.780e-02
loglambda[1,5,7,2,1]   8.0982 2.0002679 3.652e-02      8.185e-02
loglambda[1,6,7,2,1]   6.1081 3.1769920 5.800e-02      1.880e-01
loglambda[1,7,7,2,1]   4.9685 0.4825498 8.810e-03      8.843e-03
loglambda[1,1,1,3,1] -27.7678 3.3318696 6.083e-02      1.995e-01
loglambda[1,2,1,3,1]   5.9359 3.2098658 5.860e-02      5.859e-02
loglambda[1,3,1,3,1]   5.8888 3.1584089 5.766e-02      5.879e-02
loglambda[1,4,1,3,1]   8.8416 1.9795154 3.614e-02      8.311e-02
loglambda[1,5,1,3,1]   8.0656 2.1320095 3.892e-02      8.907e-02
loglambda[1,6,1,3,1]   5.9198 3.2116948 5.864e-02      5.865e-02
loglambda[1,7,1,3,1]   8.5431 1.8832111 3.438e-02      7.428e-02
loglambda[1,1,2,3,1]   6.0793 3.1618835 5.773e-02      5.638e-02
loglambda[1,2,2,3,1]   6.0379 3.1690243 5.786e-02      5.752e-02
loglambda[1,3,2,3,1]   6.0481 3.2028833 5.848e-02      5.993e-02
loglambda[1,4,2,3,1]   8.7165 1.9839517 3.622e-02      8.279e-02
loglambda[1,5,2,3,1]   8.1391 2.1430877 3.913e-02      8.953e-02
loglambda[1,6,2,3,1]   6.0381 3.2133497 5.867e-02      5.573e-02
loglambda[1,7,2,3,1]   8.5351 1.9090637 3.485e-02      7.822e-02
loglambda[1,1,3,3,1]   6.0020 3.1132725 5.684e-02      5.470e-02
loglambda[1,2,3,3,1]   5.9425 3.2749534 5.979e-02      5.980e-02
loglambda[1,3,3,3,1]   5.8930 3.1579886 5.766e-02      5.685e-02
loglambda[1,4,3,3,1]   6.2559 3.0907139 5.643e-02      1.892e-01
loglambda[1,5,3,3,1]   5.8345 3.0043552 5.485e-02      1.651e-01
loglambda[1,6,3,3,1]   5.9997 3.2393238 5.914e-02      5.939e-02
loglambda[1,7,3,3,1]   5.8879 3.2938358 6.014e-02      2.020e-01
loglambda[1,1,4,3,1]   7.7230 2.2545874 4.116e-02      9.832e-02
loglambda[1,2,4,3,1]   6.0313 3.0971248 5.655e-02      1.826e-01
loglambda[1,3,4,3,1]   7.7003 2.2345964 4.080e-02      1.032e-01
loglambda[1,4,4,3,1]   1.9573 0.0205204 3.746e-04      3.903e-04
loglambda[1,5,4,3,1]   8.3020 2.0874367 3.811e-02      8.579e-02
loglambda[1,6,4,3,1]   6.1364 3.2059057 5.853e-02      1.984e-01
loglambda[1,7,4,3,1]   8.9029 2.1093735 3.851e-02      8.939e-02
loglambda[1,1,5,3,1]   7.7240 2.3052598 4.209e-02      1.010e-01
loglambda[1,2,5,3,1]   5.9158 3.2310086 5.899e-02      1.849e-01
loglambda[1,3,5,3,1]   7.4265 2.1356919 3.899e-02      9.533e-02
loglambda[1,4,5,3,1]   6.3520 0.7183424 1.312e-02      1.434e-02
loglambda[1,5,5,3,1]   2.8605 0.0928185 1.695e-03      3.529e-03
loglambda[1,6,5,3,1]   5.9066 3.4105916 6.227e-02      2.115e-01
loglambda[1,7,5,3,1]   8.5971 1.9579663 3.575e-02      7.986e-02
loglambda[1,1,6,3,1]   5.9874 3.2134186 5.867e-02      5.867e-02
loglambda[1,2,6,3,1]   5.9745 3.2155936 5.871e-02      5.869e-02
loglambda[1,3,6,3,1]   6.0366 3.2735075 5.977e-02      5.978e-02
loglambda[1,4,6,3,1]   8.6554 1.9811319 3.617e-02      8.285e-02
loglambda[1,5,6,3,1]   8.1777 2.0680641 3.776e-02      8.795e-02
loglambda[1,6,6,3,1]   5.9334 3.1344459 5.723e-02      5.630e-02
loglambda[1,7,6,3,1]   8.6175 1.9654136 3.588e-02      8.080e-02
loglambda[1,1,7,3,1]   8.2299 2.1453812 3.917e-02      9.493e-02
loglambda[1,2,7,3,1]   5.9948 3.3222514 6.066e-02      2.112e-01
loglambda[1,3,7,3,1]   8.0587 1.9987698 3.649e-02      7.692e-02
loglambda[1,4,7,3,1]   8.8721 1.9108890 3.489e-02      7.245e-02
loglambda[1,5,7,3,1]   8.4813 2.0111994 3.672e-02      8.164e-02
loglambda[1,6,7,3,1]   6.0189 3.2587193 5.950e-02      2.015e-01
loglambda[1,7,7,3,1]   2.8527 0.0460985 8.416e-04      4.503e-03
loglambda[1,1,1,4,1]   5.9450 3.2253709 5.889e-02      5.874e-02
loglambda[1,2,1,4,1]   5.9494 3.1893215 5.823e-02      5.730e-02
loglambda[1,3,1,4,1]   5.9483 3.2861221 6.000e-02      5.914e-02
loglambda[1,4,1,4,1]   8.7658 1.9614075 3.581e-02      7.325e-02
loglambda[1,5,1,4,1]   8.0751 2.0852667 3.807e-02      9.123e-02
loglambda[1,6,1,4,1]   6.0521 3.1554206 5.761e-02      5.855e-02
loglambda[1,7,1,4,1]   8.4873 2.1143114 3.860e-02      8.884e-02
loglambda[1,1,2,4,1]   6.1391 3.0416193 5.553e-02      5.568e-02
loglambda[1,2,2,4,1]   5.9723 3.2050689 5.852e-02      6.003e-02
loglambda[1,3,2,4,1]   5.9899 3.1809376 5.808e-02      6.106e-02
loglambda[1,4,2,4,1]   8.6573 1.8874533 3.446e-02      6.627e-02
loglambda[1,5,2,4,1]   8.2242 2.1457097 3.918e-02      9.577e-02
loglambda[1,6,2,4,1]   5.9722 3.1890747 5.822e-02      6.162e-02
loglambda[1,7,2,4,1]   8.4705 2.0932637 3.822e-02      9.637e-02
loglambda[1,1,3,4,1]   6.0313 3.1584877 5.767e-02      5.768e-02
loglambda[1,2,3,4,1]   5.9463 3.1844407 5.814e-02      5.869e-02
loglambda[1,3,3,4,1]   5.9577 3.2100069 5.861e-02      5.859e-02
loglambda[1,4,3,4,1]   5.8940 3.1725933 5.792e-02      1.905e-01
loglambda[1,5,3,4,1]   5.5296 3.1028805 5.665e-02      1.783e-01
loglambda[1,6,3,4,1]   6.0071 3.2361335 5.908e-02      5.910e-02
loglambda[1,7,3,4,1]   5.9332 3.2826696 5.993e-02      1.924e-01
loglambda[1,1,4,4,1]   7.7360 2.2814871 4.165e-02      1.011e-01
loglambda[1,2,4,4,1]   5.7975 3.3444481 6.106e-02      2.133e-01
loglambda[1,3,4,4,1]   5.9154 3.0882757 5.638e-02      1.792e-01
loglambda[1,4,4,4,1]   3.5958 0.0796051 1.453e-03      1.516e-03
loglambda[1,5,4,4,1]   8.1907 2.0697739 3.779e-02      9.035e-02
loglambda[1,6,4,4,1]   5.8306 3.3454722 6.108e-02      2.040e-01
loglambda[1,7,4,4,1]   5.9674 0.7472986 1.364e-02      1.928e-02
loglambda[1,1,5,4,1]   7.6946 2.2670723 4.139e-02      1.034e-01
loglambda[1,2,5,4,1]   6.0671 3.1947767 5.833e-02      1.819e-01
loglambda[1,3,5,4,1]   6.0657 3.2965165 6.019e-02      2.026e-01
loglambda[1,4,5,4,1]   8.8289 1.9508834 3.562e-02      7.802e-02
loglambda[1,5,5,4,1]   3.6834 0.1737323 3.172e-03      7.750e-03
loglambda[1,6,5,4,1]   6.1659 3.2355024 5.907e-02      2.018e-01
loglambda[1,7,5,4,1]   8.5637 2.0844758 3.806e-02      9.036e-02
loglambda[1,1,6,4,1]   6.0078 3.2318210 5.900e-02      5.899e-02
loglambda[1,2,6,4,1]   6.0423 3.1852419 5.815e-02      6.205e-02
loglambda[1,3,6,4,1]   6.0898 3.1921134 5.828e-02      5.621e-02
loglambda[1,4,6,4,1]   8.7172 1.9363493 3.535e-02      7.164e-02
loglambda[1,5,6,4,1]   8.1625 2.1431703 3.913e-02      9.226e-02
loglambda[1,6,6,4,1]   6.0339 3.1952096 5.834e-02      5.832e-02
loglambda[1,7,6,4,1]   8.2875 1.9429562 3.547e-02      7.579e-02
loglambda[1,1,7,4,1]   8.2845 2.1642549 3.951e-02      9.398e-02
loglambda[1,2,7,4,1]   5.9138 3.1765462 5.800e-02      1.869e-01
loglambda[1,3,7,4,1]   5.9259 3.0783292 5.620e-02      1.823e-01
loglambda[1,4,7,4,1]   8.7049 1.8819323 3.436e-02      7.401e-02
loglambda[1,5,7,4,1]   8.3846 2.0013278 3.654e-02      8.118e-02
loglambda[1,6,7,4,1]   5.9330 3.0678053 5.601e-02      1.715e-01
loglambda[1,7,7,4,1]   2.6769 0.1582407 2.889e-03      7.571e-02
loglambda[1,1,1,1,2]   6.1603 3.1907526 5.825e-02      5.826e-02
loglambda[1,2,1,1,2]   6.0558 3.1315132 5.717e-02      5.645e-02
loglambda[1,3,1,1,2]   5.9233 3.1885095 5.821e-02      5.821e-02
loglambda[1,4,1,1,2]   5.7714 3.1734879 5.794e-02      1.880e-01
loglambda[1,5,1,1,2]   6.2032 3.0903876 5.642e-02      1.700e-01
loglambda[1,6,1,1,2]   6.1322 3.1625240 5.774e-02      1.835e-01
loglambda[1,7,1,1,2]   6.0790 3.1754307 5.798e-02      1.893e-01
loglambda[1,1,2,1,2]   6.0169 3.1653883 5.779e-02      5.402e-02
loglambda[1,2,2,1,2]   5.9656 3.2157131 5.871e-02      5.870e-02
loglambda[1,3,2,1,2]   5.9214 3.1795954 5.805e-02      5.805e-02
loglambda[1,4,2,1,2]   6.1913 3.0768305 5.617e-02      1.700e-01
loglambda[1,5,2,1,2]   5.8704 3.0235955 5.520e-02      1.755e-01
loglambda[1,6,2,1,2]   6.0098 3.2589790 5.950e-02      1.909e-01
loglambda[1,7,2,1,2]   6.1990 3.2444502 5.924e-02      2.095e-01
loglambda[1,1,3,1,2]   5.9557 3.2083518 5.858e-02      5.613e-02
loglambda[1,2,3,1,2]   5.9559 3.1847316 5.814e-02      5.609e-02
loglambda[1,3,3,1,2]   5.9523 3.2170591 5.874e-02      5.874e-02
loglambda[1,4,3,1,2]   6.0824 3.2103609 5.861e-02      1.880e-01
loglambda[1,5,3,1,2]   6.2325 3.0792325 5.622e-02      1.701e-01
loglambda[1,6,3,1,2]   5.8776 3.2067175 5.855e-02      1.840e-01
loglambda[1,7,3,1,2]   5.8243 2.9715959 5.425e-02      1.660e-01
loglambda[1,1,4,1,2]   6.0777 3.2121960 5.865e-02      5.866e-02
loglambda[1,2,4,1,2]   5.9784 3.1653913 5.779e-02      5.781e-02
loglambda[1,3,4,1,2]   5.9465 3.2155297 5.871e-02      5.985e-02
loglambda[1,4,4,1,2]   4.7478 0.1320245 2.410e-03      2.371e-03
loglambda[1,5,4,1,2]   8.7288 1.9838981 3.622e-02      8.738e-02
loglambda[1,6,4,1,2]   6.6420 2.7694410 5.056e-02      1.426e-01
loglambda[1,7,4,1,2]   9.1330 1.9287041 3.521e-02      7.636e-02
loglambda[1,1,5,1,2]   5.9752 3.1535901 5.758e-02      5.696e-02
loglambda[1,2,5,1,2]   5.9603 3.2337390 5.904e-02      5.906e-02
loglambda[1,3,5,1,2]   5.9626 3.2813749 5.991e-02      5.983e-02
loglambda[1,4,5,1,2]   9.1334 1.9070695 3.482e-02      6.832e-02
loglambda[1,5,5,1,2]   6.3121 0.6985561 1.275e-02      1.389e-02
loglambda[1,6,5,1,2]   6.5741 2.8162050 5.142e-02      1.489e-01
loglambda[1,7,5,1,2]   9.0869 1.8629667 3.401e-02      7.158e-02
loglambda[1,1,6,1,2]   6.1000 3.2320113 5.901e-02      5.900e-02
loglambda[1,2,6,1,2]   6.0032 3.1453272 5.743e-02      5.395e-02
loglambda[1,3,6,1,2]   5.8589 3.1461185 5.744e-02      5.477e-02
loglambda[1,4,6,1,2]   5.6789 3.1822757 5.810e-02      1.870e-01
loglambda[1,5,6,1,2]   6.0589 3.1042672 5.668e-02      1.855e-01
loglambda[1,6,6,1,2]   5.9603 3.1594108 5.768e-02      1.766e-01
loglambda[1,7,6,1,2]   6.3724 3.0873050 5.637e-02      1.841e-01
loglambda[1,1,7,1,2]   6.0112 3.2168235 5.873e-02      6.000e-02
loglambda[1,2,7,1,2]   5.9702 3.1899279 5.824e-02      5.603e-02
loglambda[1,3,7,1,2]   6.1027 3.2319502 5.901e-02      6.189e-02
loglambda[1,4,7,1,2]   9.1003 1.8606145 3.397e-02      7.568e-02
loglambda[1,5,7,1,2]   8.7524 1.9484487 3.557e-02      7.574e-02
loglambda[1,6,7,1,2]   6.5449 2.6359711 4.813e-02      1.390e-01
loglambda[1,7,7,1,2]   5.6421 0.2839868 5.185e-03      8.036e-03
loglambda[1,1,1,2,2]   6.0135 3.1758501 5.798e-02      5.901e-02
loglambda[1,2,1,2,2]   5.9047 3.2589121 5.950e-02      5.951e-02
loglambda[1,3,1,2,2]   5.9783 3.2348244 5.906e-02      5.757e-02
loglambda[1,4,1,2,2]   5.8201 3.3174761 6.057e-02      2.075e-01
loglambda[1,5,1,2,2]   6.2446 3.1525991 5.756e-02      1.811e-01
 [到达getOption("max.print") -- 忽略534行]]

2. Quantiles for each variable:

                           2.5%       25%       50%      75%    97.5%
loglambda[1,1,1,1,1] -1.430e+00  -1.42451  -1.42134  -1.4190  -1.4150
loglambda[1,2,1,1,1] -3.366e+01 -29.71294 -27.73031 -25.5659 -21.3757
loglambda[1,3,1,1,1] -4.066e-01   3.85960   5.99754   8.1932  12.1112
loglambda[1,4,1,1,1]  4.869e+00   5.07359   5.19574   5.3343   5.5902
loglambda[1,5,1,1,1]  5.856e+00   7.23757   8.42023   9.9681  13.0745
loglambda[1,6,1,1,1]  1.908e+00   4.29899   6.20111   8.2509  12.4462
loglambda[1,7,1,1,1]  6.380e+00   7.57516   8.60323   9.9998  13.3463
loglambda[1,1,2,1,1] -5.098e+01 -46.96236 -44.83315 -42.5473 -38.4304
loglambda[1,2,2,1,1] -9.287e-01  -0.92816  -0.92788  -0.9276  -0.9266
loglambda[1,3,2,1,1] -1.645e-01   3.90000   6.09426   8.1822  12.3301
loglambda[1,4,2,1,1]  6.443e+00   7.70638   8.78900  10.2129  13.5859
loglambda[1,5,2,1,1]  4.533e+00   4.81012   4.97256   5.1408   5.5381
loglambda[1,6,2,1,1]  2.029e+00   4.72337   6.56279   8.4646  12.7617
loglambda[1,7,2,1,1]  6.459e+00   7.70768   8.84176  10.3575  13.9129
loglambda[1,1,3,1,1] -3.246e-01   3.89182   6.03678   8.1005  12.2288
loglambda[1,2,3,1,1] -7.519e-02   3.94568   6.13875   8.1689  12.1471
loglambda[1,3,3,1,1] -5.034e-01   3.80318   6.00397   8.0698  12.3416
loglambda[1,4,3,1,1] -5.682e-01   3.72551   5.93250   8.1096  12.4192
loglambda[1,5,3,1,1] -5.542e-02   3.85665   6.00864   8.2238  11.9134
loglambda[1,6,3,1,1] -4.121e-01   3.36217   5.57578   7.9307  12.1735
loglambda[1,7,3,1,1]  3.336e-01   3.94503   5.89312   8.0883  11.9845
loglambda[1,1,4,1,1]  2.589e+00   2.80139   2.93543   3.0801   3.3854
loglambda[1,2,4,1,1]  4.247e+00   5.81914   7.10442   8.7811  12.6401
loglambda[1,3,4,1,1] -4.832e-01   3.63699   5.90465   8.1264  12.4259
loglambda[1,4,4,1,1]  3.854e-01   0.38621   0.38683   0.3876   0.3898
loglambda[1,5,4,1,1]  2.574e+00   2.62077   2.64462   2.6682   2.7173
loglambda[1,6,4,1,1]  2.693e+00   2.95525   3.10177   3.2728   3.6361
loglambda[1,7,4,1,1]  2.579e+00   2.61527   2.63047   2.6454   2.6982
loglambda[1,1,5,1,1]  4.188e+00   5.81083   7.23803   9.1139  13.0948
loglambda[1,2,5,1,1]  2.708e+00   2.99647   3.16675   3.3669   3.8122
loglambda[1,3,5,1,1]  2.010e-01   4.03558   6.18335   8.3538  12.2352
loglambda[1,4,5,1,1]  3.323e+00   3.37517   3.40344   3.4317   3.4880
loglambda[1,5,5,1,1]  2.240e-01   0.22468   0.22518   0.2258   0.2275
loglambda[1,6,5,1,1]  3.402e+00   3.99700   4.41968   4.9412   6.3325
loglambda[1,7,5,1,1]  2.989e+00   3.02549   3.04812   3.0796   3.1486
loglambda[1,1,6,1,1] -2.401e-01   3.75876   5.91867   8.0627  11.8594
loglambda[1,2,6,1,1] -2.246e-01   3.96330   6.07177   8.0503  12.3687
loglambda[1,3,6,1,1] -2.753e-01   3.81021   5.91800   8.2362  12.3726
loglambda[1,4,6,1,1]  5.074e+00   5.33393   5.48842   5.6505   6.0062
loglambda[1,5,6,1,1]  5.215e+00   5.80530   6.19651   6.7099   8.1828
loglambda[1,6,6,1,1] -1.146e+00  -1.14585  -1.14567  -1.1455  -1.1450
loglambda[1,7,6,1,1]  4.750e+00   4.95191   5.06281   5.1848   5.4191
loglambda[1,1,7,1,1]  5.085e+00   6.64842   7.96078   9.6485  13.4914
loglambda[1,2,7,1,1]  5.074e+00   6.55525   7.74697   9.2852  12.8045
loglambda[1,3,7,1,1] -6.444e-01   3.18377   5.56964   7.9361  12.1262
loglambda[1,4,7,1,1]  2.765e+00   2.79543   2.81196   2.8284   2.8622
loglambda[1,5,7,1,1]  2.717e+00   2.76118   2.78652   2.8113   2.8620
loglambda[1,6,7,1,1]  3.511e+00   3.75482   3.88763   4.0244   4.3238
loglambda[1,7,7,1,1]  4.532e+00   6.13901   7.53346   9.3127  12.7012
loglambda[1,1,1,2,1] -1.034e-01   3.74846   6.06054   8.2766  12.3938
loglambda[1,2,1,2,1] -4.647e-01   3.98318   6.23600   8.3026  12.3445
loglambda[1,3,1,2,1] -2.189e-01   3.99128   6.14637   8.2791  12.7170
loglambda[1,4,1,2,1]  3.383e+00   5.37850   6.95415   8.8811  12.9048
loglambda[1,5,1,2,1]  1.976e+00   4.40458   6.25416   8.2439  12.0253
loglambda[1,6,1,2,1] -3.795e-01   4.00901   6.01618   8.1769  12.4240
loglambda[1,7,1,2,1]  3.662e+00   5.44512   6.95495   8.7523  12.8676
loglambda[1,1,2,2,1] -2.675e-01   3.90956   6.03326   8.0632  12.4435
loglambda[1,2,2,2,1] -3.028e-01   3.72409   6.05531   8.1391  12.0054
loglambda[1,3,2,2,1] -2.477e-01   3.70592   5.96275   8.0820  12.0040
loglambda[1,4,2,2,1]  3.355e+00   5.24579   6.71814   8.5898  12.5584
loglambda[1,5,2,2,1]  2.356e+00   4.65474   6.70705   8.7986  12.9798
loglambda[1,6,2,2,1] -2.503e-01   3.85872   5.89783   8.1982  12.5002
loglambda[1,7,2,2,1]  3.660e+00   5.52247   6.98609   8.8552  12.3318
loglambda[1,1,3,2,1] -1.819e-01   3.98263   6.06622   8.1347  12.3775
loglambda[1,2,3,2,1] -3.416e-01   3.75592   5.92143   7.9762  12.0838
loglambda[1,3,3,2,1] -5.316e-02   3.89260   6.02727   8.2347  12.2812
loglambda[1,4,3,2,1] -5.128e-03   3.83285   6.05802   8.3924  12.3883
loglambda[1,5,3,2,1] -4.051e-02   3.99399   6.27808   8.3856  12.3444
loglambda[1,6,3,2,1] -1.923e-01   3.82222   5.87213   8.1396  12.2057
loglambda[1,7,3,2,1] -7.559e-02   4.00642   6.11081   8.2635  12.5763
loglambda[1,1,4,2,1] -1.739e-01   3.98991   6.07055   8.2296  12.3035
loglambda[1,2,4,2,1] -7.742e-02   4.07300   6.35960   8.4752  12.4793
loglambda[1,3,4,2,1] -2.577e-01   3.73584   6.08183   8.2293  11.9488
loglambda[1,4,4,2,1]  2.232e+00   2.39498   2.48320   2.5765   2.7756
loglambda[1,5,4,2,1]  4.276e+00   5.95100   7.29347   8.8641  12.3611
loglambda[1,6,4,2,1] -2.387e-01   3.90975   6.10574   8.3252  12.9092
loglambda[1,7,4,2,1]  4.380e+00   5.93460   7.29839   8.9381  12.7794
loglambda[1,1,5,2,1] -3.409e-02   3.81549   5.90137   8.1737  12.2743
loglambda[1,2,5,2,1] -5.035e-01   3.85726   6.05129   8.0713  12.2387
loglambda[1,3,5,2,1] -7.801e-01   3.42130   5.65318   7.8613  12.1098
loglambda[1,4,5,2,1]  4.335e+00   6.09871   7.51595   9.2244  13.3121
loglambda[1,5,5,2,1]  3.386e+00   4.03144   4.44510   4.9849   6.4020
loglambda[1,6,5,2,1] -5.201e-01   3.68735   5.95433   8.1423  12.5072
loglambda[1,7,5,2,1]  4.393e+00   6.02030   7.46631   9.2269  12.7836
loglambda[1,1,6,2,1] -3.913e-01   3.76919   5.95906   8.1803  12.3400
loglambda[1,2,6,2,1] -3.390e-01   3.67222   5.89566   8.0986  12.4672
loglambda[1,3,6,2,1] -3.727e-02   3.88917   6.08088   8.2283  12.2632
loglambda[1,4,6,2,1]  3.322e+00   5.31864   6.86092   8.6344  12.4212
loglambda[1,5,6,2,1]  3.758e-01   0.61475   0.81851   2.9591  10.4995
loglambda[1,6,6,2,1] -2.452e-01   3.86338   5.95385   8.1089  12.1276
loglambda[1,7,6,2,1]  3.545e+00   5.46033   7.06282   8.9209  12.6179
loglambda[1,1,7,2,1] -5.292e-01   4.20193   6.36777   8.3793  12.1741
loglambda[1,2,7,2,1] -3.880e-01   3.85861   6.09240   8.1811  12.1583
loglambda[1,3,7,2,1]  1.286e-01   3.83336   6.01048   8.1406  11.8923
loglambda[1,4,7,2,1]  5.138e+00   6.65778   7.89933   9.4112  12.4794
loglambda[1,5,7,2,1]  5.085e+00   6.57359   7.80368   9.3530  12.5034
loglambda[1,6,7,2,1]  6.034e-03   3.93206   6.08972   8.2946  12.2389
loglambda[1,7,7,2,1]  4.162e+00   4.63394   4.92168   5.2551   6.0407
loglambda[1,1,1,3,1] -3.423e+01 -30.07050 -27.83739 -25.4947 -21.1425
loglambda[1,2,1,3,1] -4.040e-01   3.73802   5.94090   8.1120  12.2825
loglambda[1,3,1,3,1] -5.665e-01   3.78552   5.92541   7.9751  12.1153
loglambda[1,4,1,3,1]  5.963e+00   7.33194   8.46540  10.1016  13.4049
loglambda[1,5,1,3,1]  4.917e+00   6.48944   7.67741   9.3179  12.8395
loglambda[1,6,1,3,1] -2.150e-01   3.81441   5.93171   8.0044  12.3259
loglambda[1,7,1,3,1]  5.803e+00   7.12096   8.24345   9.7131  12.9947
loglambda[1,1,2,3,1] -4.415e-02   3.89566   6.07208   8.1952  12.2922
loglambda[1,2,2,3,1] -3.563e-01   3.92811   6.09301   8.1026  12.2334
loglambda[1,3,2,3,1] -5.485e-01   3.97789   6.05438   8.2425  12.1909
loglambda[1,4,2,3,1]  5.880e+00   7.19715   8.34375   9.8714  13.2994
loglambda[1,5,2,3,1]  5.044e+00   6.47081   7.81207   9.4235  13.0930
loglambda[1,6,2,3,1] -2.587e-01   3.79470   6.16524   8.2618  12.3003
loglambda[1,7,2,3,1]  5.789e+00   7.08157   8.19611   9.6614  12.8282
loglambda[1,1,3,3,1] -2.501e-01   3.92099   5.99924   8.1204  11.9619
loglambda[1,2,3,3,1] -4.033e-01   3.69994   6.00944   8.2020  12.2941
loglambda[1,3,3,3,1] -3.538e-01   3.87928   5.92645   8.0221  12.0657
loglambda[1,4,3,3,1]  1.764e-01   4.16453   6.30642   8.3280  12.3791
loglambda[1,5,3,3,1]  9.278e-02   3.69801   5.83204   7.9257  11.6858
loglambda[1,6,3,3,1] -2.865e-01   3.78905   6.08523   8.2089  12.1443
loglambda[1,7,3,3,1] -8.205e-01   3.66181   5.88744   7.9909  12.3619
loglambda[1,1,4,3,1]  4.350e+00   5.98632   7.42403   9.1447  12.7948
loglambda[1,2,4,3,1] -1.642e-01   4.01747   5.96330   8.1200  11.9633
loglambda[1,3,4,3,1]  4.296e+00   5.96795   7.38083   9.1763  12.7923
loglambda[1,4,4,3,1]  1.918e+00   1.94339   1.95720   1.9712   1.9981
loglambda[1,5,4,3,1]  5.143e+00   6.66614   8.00319   9.6416  12.7619
loglambda[1,6,4,3,1] -2.869e-01   3.93436   6.15002   8.3813  12.3084
loglambda[1,7,4,3,1]  5.839e+00   7.26488   8.58953  10.1941  13.7759
loglambda[1,1,5,3,1]  4.273e+00   5.94292   7.42375   9.0608  13.0966
loglambda[1,2,5,3,1] -4.267e-01   3.71119   6.00403   8.1439  12.1642
loglambda[1,3,5,3,1]  4.240e+00   5.85704   7.04740   8.6749  12.4554
loglambda[1,4,5,3,1]  5.265e+00   5.83312   6.23834   6.7466   8.0548
loglambda[1,5,5,3,1]  2.688e+00   2.79587   2.85866   2.9216   3.0505
loglambda[1,6,5,3,1] -1.077e+00   3.63794   6.02133   8.1183  12.5379
loglambda[1,7,5,3,1]  5.857e+00   7.12153   8.24974   9.7501  13.0526
loglambda[1,1,6,3,1] -3.141e-01   3.82283   6.02854   8.1545  12.2075
loglambda[1,2,6,3,1] -3.730e-01   3.81778   6.00499   8.1060  12.3660
loglambda[1,3,6,3,1] -1.681e-01   3.79746   6.03074   8.2568  12.5140
loglambda[1,4,6,3,1]  5.903e+00   7.18730   8.22931   9.7829  13.2745
loglambda[1,5,6,3,1]  5.088e+00   6.61023   7.89067   9.4572  12.8752
loglambda[1,6,6,3,1] -3.973e-01   3.83810   6.00830   8.0408  11.9522
loglambda[1,7,6,3,1]  5.758e+00   7.10840   8.25061   9.8072  13.2898
loglambda[1,1,7,3,1]  5.084e+00   6.58276   7.86436   9.5821  13.2249
loglambda[1,2,7,3,1] -7.203e-01   3.89879   6.04303   8.3735  12.1329
loglambda[1,3,7,3,1]  5.117e+00   6.53095   7.74564   9.2887  12.6663
loglambda[1,4,7,3,1]  6.048e+00   7.42653   8.56444  10.0532  13.2605
loglambda[1,5,7,3,1]  5.474e+00   6.93244   8.16220   9.7433  12.9655
loglambda[1,6,7,3,1] -3.494e-01   3.78574   5.97208   8.3100  12.2881
loglambda[1,7,7,3,1]  2.767e+00   2.82207   2.85001   2.8795   2.9499
loglambda[1,1,1,4,1] -2.464e-01   3.72579   5.93387   8.1420  12.3172
loglambda[1,2,1,4,1] -3.638e-01   3.83554   5.88582   8.0561  12.2659
loglambda[1,3,1,4,1] -3.328e-01   3.68634   5.93526   8.1262  12.6094
loglambda[1,4,1,4,1]  5.916e+00   7.27948   8.46248   9.9565  13.3812
loglambda[1,5,1,4,1]  5.048e+00   6.51743   7.73200   9.2955  13.0369
loglambda[1,6,1,4,1] -1.188e-02   3.90969   6.04899   8.1550  12.1408
loglambda[1,7,1,4,1]  5.530e+00   6.85684   8.10279   9.7474  13.5267
loglambda[1,1,2,4,1]  1.716e-01   4.09988   6.17201   8.0997  12.1859
loglambda[1,2,2,4,1] -3.198e-01   3.81383   5.95750   8.0678  12.3198
loglambda[1,3,2,4,1] -9.058e-02   3.89169   5.88687   8.1613  12.3328
loglambda[1,4,2,4,1]  5.920e+00   7.25032   8.36596   9.6999  13.0252
loglambda[1,5,2,4,1]  5.103e+00   6.58348   7.85335   9.5461  13.2374
loglambda[1,6,2,4,1] -2.422e-01   3.81907   6.03773   8.0871  12.4157
loglambda[1,7,2,4,1]  5.377e+00   6.87525   8.14085   9.6939  13.2609
loglambda[1,1,3,4,1] -2.622e-01   3.90197   6.12142   8.1823  12.1566
loglambda[1,2,3,4,1] -3.131e-01   3.81677   5.94109   8.1048  12.1307
loglambda[1,3,3,4,1] -3.938e-01   3.85499   5.97760   8.0969  12.1377
loglambda[1,4,3,4,1] -6.198e-01   3.86152   5.97194   7.9820  12.1022
loglambda[1,5,3,4,1] -7.339e-01   3.39971   5.53658   7.6304  11.5103
loglambda[1,6,3,4,1] -3.283e-01   3.85238   6.10243   8.1363  12.2227
loglambda[1,7,3,4,1] -8.480e-01   3.73525   6.09570   8.1179  12.0994
loglambda[1,1,4,4,1]  4.316e+00   6.01017   7.43394   9.0586  12.7848
loglambda[1,2,4,4,1] -8.448e-01   3.51985   5.92000   8.1693  12.1129
loglambda[1,3,4,4,1] -2.927e-02   3.81328   5.89308   8.0886  11.8128
loglambda[1,4,4,4,1]  3.441e+00   3.54288   3.59448   3.6485   3.7545
loglambda[1,5,4,4,1]  5.160e+00   6.65178   7.87866   9.3543  13.0984
loglambda[1,6,4,4,1] -5.782e-01   3.54462   5.85676   8.1448  12.3507
loglambda[1,7,4,4,1]  4.764e+00   5.41659   5.87670   6.3965   7.6878
loglambda[1,1,5,4,1]  4.320e+00   5.92668   7.38276   9.1945  12.6029
loglambda[1,2,5,4,1] -9.817e-02   3.96033   6.00260   8.2052  12.3450
loglambda[1,3,5,4,1] -3.978e-01   3.80075   6.03225   8.2793  12.8712
loglambda[1,4,5,4,1]  6.008e+00   7.34037   8.49905   9.9986  13.3824
loglambda[1,5,5,4,1]  3.365e+00   3.55785   3.67471   3.7939   4.0416
loglambda[1,6,5,4,1] -1.353e-01   3.97175   6.15595   8.3852  12.3871
loglambda[1,7,5,4,1]  5.516e+00   6.96545   8.21337   9.7901  13.3924
loglambda[1,1,6,4,1] -4.829e-01   3.77369   6.01587   8.2023  12.2184
loglambda[1,2,6,4,1] -1.110e-01   3.83292   6.03983   8.2182  12.1505
loglambda[1,3,6,4,1] -2.340e-01   3.84146   6.09315   8.3181  12.2009
loglambda[1,4,6,4,1]  5.937e+00   7.25444   8.40092   9.8852  13.3556
loglambda[1,5,6,4,1]  5.040e+00   6.52101   7.80324   9.4399  13.0730
loglambda[1,6,6,4,1] -3.056e-01   3.86904   6.06110   8.2297  12.2257
loglambda[1,7,6,4,1]  5.415e+00   6.77046   8.03747   9.4190  12.7182
loglambda[1,1,7,4,1]  5.172e+00   6.61815   7.90635   9.5619  13.3291
loglambda[1,2,7,4,1] -2.167e-01   3.65184   5.91113   8.0661  12.0927
loglambda[1,3,7,4,1]  1.007e-01   3.79699   5.95821   7.9431  11.8300
loglambda[1,4,7,4,1]  6.003e+00   7.32139   8.38343   9.7719  13.2840
loglambda[1,5,7,4,1]  5.470e+00   6.84806   8.04342   9.5774  12.8842
loglambda[1,6,7,4,1] -1.990e-01   3.87129   6.02507   8.0527  11.9082
loglambda[1,7,7,4,1]  2.483e+00   2.54549   2.61103   2.8573   2.9490
loglambda[1,1,1,1,2]  1.170e-01   3.99131   6.11298   8.2565  12.7022
loglambda[1,2,1,1,2]  1.161e-02   3.94484   5.99988   8.0940  12.3994
loglambda[1,3,1,1,2] -2.357e-01   3.70631   5.94656   8.0258  12.3328
loglambda[1,4,1,1,2] -5.265e-01   3.63421   5.80335   7.9709  11.8035
 [到达getOption("max.print") -- 忽略584行]]

