
Iterations = 1010:11000
Thinning interval = 10 
Number of chains = 3 
Sample size per chain = 1000 

1. Empirical mean and standard deviation for each variable,
   plus standard error of the mean:

                          Mean        SD  Naive SE Time-series SE
loglambda[1,1,1,1,1]   7.68323 2.1961276 4.010e-02      9.372e-02
loglambda[1,2,1,1,1]   4.14010 0.4968352 9.071e-03      9.071e-03
loglambda[1,3,1,1,1]   4.45388 0.4775533 8.719e-03      9.240e-03
loglambda[1,4,1,1,1]   4.15359 0.5017912 9.161e-03      9.163e-03
loglambda[1,5,1,1,1]   4.61717 0.1323426 2.416e-03      2.415e-03
loglambda[1,6,1,1,1]   8.33347 1.9672146 3.592e-02      8.107e-02
loglambda[1,7,1,1,1]   8.74324 1.9628994 3.584e-02      7.758e-02
loglambda[1,8,1,1,1]   8.88326 1.9599446 3.578e-02      8.403e-02
loglambda[1,1,2,1,1]   7.90396 2.1664821 3.955e-02      9.443e-02
loglambda[1,2,2,1,1]  -1.75802 0.0005648 1.031e-05      1.493e-05
loglambda[1,3,2,1,1]   4.56409 0.7805354 1.425e-02      1.585e-02
loglambda[1,4,2,1,1]   5.96241 3.2359515 5.908e-02      5.884e-02
loglambda[1,5,2,1,1]   8.94680 1.9067066 3.481e-02      7.802e-02
loglambda[1,6,2,1,1]  15.35464 5.4884596 1.002e-01      2.454e+00
loglambda[1,7,2,1,1]   8.62526 1.9105277 3.488e-02      7.517e-02
loglambda[1,8,2,1,1]   8.87211 1.8667674 3.408e-02      7.306e-02
loglambda[1,1,3,1,1]   5.05171 0.7375273 1.347e-02      1.496e-02
loglambda[1,2,3,1,1]   2.68813 0.5164751 9.430e-03      9.839e-03
loglambda[1,3,3,1,1]   7.52761 2.3229743 4.241e-02      1.024e-01
loglambda[1,4,3,1,1]   1.89569 0.2670853 4.876e-03      6.995e-03
loglambda[1,5,3,1,1]   8.91885 1.8475253 3.373e-02      6.920e-02
loglambda[1,6,3,1,1]   8.29022 1.9789232 3.613e-02      7.963e-02
loglambda[1,7,3,1,1]   3.94303 0.1182350 2.159e-03      2.207e-03
loglambda[1,8,3,1,1]   8.96670 1.9786147 3.612e-02      8.110e-02
loglambda[1,1,4,1,1]   5.02661 0.7236153 1.321e-02      1.459e-02
loglambda[1,2,4,1,1]   5.98151 3.2812742 5.991e-02      6.851e-02
loglambda[1,3,4,1,1]   7.60800 2.2956474 4.191e-02      1.073e-01
loglambda[1,4,4,1,1]  -0.78042 0.0006030 1.101e-05      1.327e-04
loglambda[1,5,4,1,1]   9.09398 1.9378897 3.538e-02      7.500e-02
loglambda[1,6,4,1,1]   8.44971 2.0863254 3.809e-02      9.290e-02
loglambda[1,7,4,1,1]   8.56210 1.9233607 3.512e-02      7.737e-02
loglambda[1,8,4,1,1]   4.83915 0.1827554 3.337e-03      6.857e-03
loglambda[1,1,5,1,1]   2.91881 0.1217358 2.223e-03      2.120e-03
loglambda[1,2,5,1,1]   7.71068 2.3607138 4.310e-02      1.110e-01
loglambda[1,3,5,1,1]   7.66301 2.1245368 3.879e-02      9.149e-02
loglambda[1,4,5,1,1]   7.61046 2.2874426 4.176e-02      1.010e-01
loglambda[1,5,5,1,1]   0.21984 0.0024283 4.433e-05      8.754e-04
loglambda[1,6,5,1,1]   2.87682 0.0651278 1.189e-03      1.189e-03
loglambda[1,7,5,1,1]   2.63568 0.0386022 7.048e-04      7.210e-04
loglambda[1,8,5,1,1]   2.46991 0.0307129 5.607e-04      7.108e-03
loglambda[1,1,6,1,1]   7.90255 2.0752102 3.789e-02      8.257e-02
loglambda[1,2,6,1,1]   1.66602 0.2240866 4.091e-03      4.209e-03
loglambda[1,3,6,1,1]   7.57115 2.3061302 4.210e-02      1.031e-01
loglambda[1,4,6,1,1]   7.14183 2.5444088 4.645e-02      1.157e-01
loglambda[1,5,6,1,1]   3.96183 0.0782372 1.428e-03      1.402e-03
loglambda[1,6,6,1,1]  -0.43739 0.0058003 1.059e-04      2.556e-03
loglambda[1,7,6,1,1]   3.05517 0.0555321 1.014e-03      1.014e-03
loglambda[1,8,6,1,1]   3.02096 0.0458560 8.372e-04      8.104e-03
loglambda[1,1,7,1,1]   8.15239 2.2038118 4.024e-02      1.002e-01
loglambda[1,2,7,1,1]   7.71514 2.1476892 3.921e-02      9.104e-02
loglambda[1,3,7,1,1]   2.49797 0.1018368 1.859e-03      1.860e-03
loglambda[1,4,7,1,1]   7.74978 2.2847749 4.171e-02      1.065e-01
loglambda[1,5,7,1,1]   3.46252 0.0521582 9.523e-04      9.521e-04
loglambda[1,6,7,1,1]   3.13624 0.0809465 1.478e-03      1.478e-03
loglambda[1,7,7,1,1]  -0.05995 0.0015358 2.804e-05      5.497e-04
loglambda[1,8,7,1,1]   2.41381 0.0329699 6.019e-04      8.673e-03
loglambda[1,1,8,1,1]   8.19292 2.0877054 3.812e-02      9.268e-02
loglambda[1,2,8,1,1]   8.22193 2.1514531 3.928e-02      8.777e-02
loglambda[1,3,8,1,1]   8.11372 1.9806388 3.616e-02      7.711e-02
loglambda[1,4,8,1,1]   4.51471 0.3879918 7.084e-03      7.386e-03
loglambda[1,5,8,1,1]   2.55577 0.0234434 4.280e-04      4.602e-04
loglambda[1,6,8,1,1]   2.40273 0.0375083 6.848e-04      6.659e-04
loglambda[1,7,8,1,1]   2.32971 0.0277495 5.066e-04      5.147e-04
loglambda[1,8,8,1,1]   6.07499 2.6080741 4.762e-02      3.114e-01
loglambda[1,1,1,2,1]   6.11589 3.2132830 5.867e-02      1.939e-01
loglambda[1,2,1,2,1]   6.26536 3.1511543 5.753e-02      1.868e-01
loglambda[1,3,1,2,1]   5.98639 3.2635049 5.958e-02      1.937e-01
loglambda[1,4,1,2,1]   5.81699 3.2732441 5.976e-02      1.967e-01
loglambda[1,5,1,2,1]   7.76979 2.2941308 4.188e-02      1.052e-01
loglambda[1,6,1,2,1]   7.70625 2.1704157 3.963e-02      9.381e-02
loglambda[1,7,1,2,1]   7.64681 2.2065711 4.029e-02      1.006e-01
loglambda[1,8,1,2,1]   7.85433 2.1965545 4.010e-02      9.939e-02
loglambda[1,1,2,2,1]   5.97066 3.2092330 5.859e-02      5.861e-02
loglambda[1,2,2,2,1]   6.01215 3.1947061 5.833e-02      6.107e-02
loglambda[1,3,2,2,1]   6.12368 3.1708304 5.789e-02      5.538e-02
loglambda[1,4,2,2,1]   6.08524 3.3114214 6.046e-02      6.047e-02
loglambda[1,5,2,2,1]   7.02229 2.6071456 4.760e-02      1.357e-01
loglambda[1,6,2,2,1]   6.70487 2.6296232 4.801e-02      1.296e-01
loglambda[1,7,2,2,1]   7.07031 2.6866117 4.905e-02      1.453e-01
loglambda[1,8,2,2,1]   7.55080 2.3873418 4.359e-02      1.076e-01
loglambda[1,1,3,2,1]   5.90872 3.2677066 5.966e-02      2.064e-01
loglambda[1,2,3,2,1]   5.84455 3.2052099 5.852e-02      1.887e-01
loglambda[1,3,3,2,1]   6.01545 3.1896024 5.823e-02      1.868e-01
loglambda[1,4,3,2,1]   6.24233 3.4045703 6.216e-02      2.152e-01
loglambda[1,5,3,2,1]   6.99033 2.3831046 4.351e-02      1.078e-01
loglambda[1,6,3,2,1]   7.16661 2.4942286 4.554e-02      1.339e-01
loglambda[1,7,3,2,1]   7.27358 2.5868209 4.723e-02      1.297e-01
loglambda[1,8,3,2,1]   7.44628 2.1989433 4.015e-02      9.321e-02
loglambda[1,1,4,2,1]   6.04503 3.2595465 5.951e-02      5.951e-02
loglambda[1,2,4,2,1]   6.02046 3.1996650 5.842e-02      5.843e-02
loglambda[1,3,4,2,1]   6.08607 3.2002753 5.843e-02      5.841e-02
loglambda[1,4,4,2,1]   6.05125 3.2007855 5.844e-02      6.313e-02
loglambda[1,5,4,2,1]   6.92758 2.4873034 4.541e-02      1.249e-01
loglambda[1,6,4,2,1]   7.08584 2.8284615 5.164e-02      1.551e-01
loglambda[1,7,4,2,1]   6.82304 2.5385914 4.635e-02      1.254e-01
loglambda[1,8,4,2,1]   7.48629 2.4309047 4.438e-02      1.119e-01
loglambda[1,1,5,2,1]   5.98517 3.2423127 5.920e-02      1.956e-01
loglambda[1,2,5,2,1]   6.03463 3.2037381 5.849e-02      1.896e-01
loglambda[1,3,5,2,1]   5.83914 3.1319935 5.718e-02      1.776e-01
loglambda[1,4,5,2,1]   6.12766 3.2503273 5.934e-02      1.991e-01
loglambda[1,5,5,2,1]   2.36797 0.1333586 2.435e-03      2.733e-03
loglambda[1,6,5,2,1]   7.61832 2.2425494 4.094e-02      9.934e-02
loglambda[1,7,5,2,1]   7.89657 2.3700893 4.327e-02      1.047e-01
loglambda[1,8,5,2,1]   7.61178 2.1384992 3.904e-02      8.672e-02
loglambda[1,1,6,2,1]   6.22332 3.0638646 5.594e-02      1.757e-01
loglambda[1,2,6,2,1]   6.01755 3.3308809 6.081e-02      1.936e-01
loglambda[1,3,6,2,1]   5.88145 3.1407420 5.734e-02      1.748e-01
loglambda[1,4,6,2,1]   6.02918 3.2048679 5.851e-02      1.875e-01
loglambda[1,5,6,2,1]   7.22785 2.4151059 4.409e-02      1.134e-01
loglambda[1,6,6,2,1]   2.05678 0.2912790 5.318e-03      5.319e-03
loglambda[1,7,6,2,1]   7.20995 2.5221146 4.605e-02      1.272e-01
loglambda[1,8,6,2,1]   7.38674 2.2740082 4.152e-02      1.111e-01
loglambda[1,1,7,2,1]   6.10142 3.1048987 5.669e-02      1.762e-01
loglambda[1,2,7,2,1]   6.07588 3.2773695 5.984e-02      2.002e-01
loglambda[1,3,7,2,1]   5.88695 3.0966559 5.654e-02      1.733e-01
loglambda[1,4,7,2,1]   5.98997 3.0953574 5.651e-02      1.785e-01
loglambda[1,5,7,2,1]   7.65853 2.1796455 3.979e-02      8.972e-02
loglambda[1,6,7,2,1]   7.76716 2.2267846 4.066e-02      8.757e-02
loglambda[1,7,7,2,1]   2.77832 0.1690552 3.087e-03      3.228e-03
loglambda[1,8,7,2,1]   7.84345 2.2429283 4.095e-02      9.976e-02
loglambda[1,1,8,2,1]   6.06756 3.1666399 5.781e-02      1.832e-01
loglambda[1,2,8,2,1]   6.33012 3.0615404 5.590e-02      1.760e-01
loglambda[1,3,8,2,1]   5.94676 3.2822963 5.993e-02      2.010e-01
loglambda[1,4,8,2,1]   5.78130 3.2111627 5.863e-02      2.040e-01
loglambda[1,5,8,2,1]   8.17351 2.0635589 3.768e-02      8.206e-02
loglambda[1,6,8,2,1]   8.10155 2.0366674 3.718e-02      8.279e-02
loglambda[1,7,8,2,1]   8.28623 2.1494802 3.924e-02      9.089e-02
loglambda[1,8,8,2,1]   3.51095 0.1605338 2.931e-03      3.027e-03
loglambda[1,1,1,3,1]   5.05559 0.7837644 1.431e-02      1.654e-02
loglambda[1,2,1,3,1]   5.73439 3.1774871 5.801e-02      1.877e-01
loglambda[1,3,1,3,1]   7.45652 2.5040482 4.572e-02      1.194e-01
loglambda[1,4,1,3,1]   7.87135 2.2357287 4.082e-02      9.756e-02
loglambda[1,5,1,3,1]   8.51322 2.1196121 3.870e-02      9.396e-02
loglambda[1,6,1,3,1]   7.68527 2.0674026 3.775e-02      8.843e-02
loglambda[1,7,1,3,1]   7.95772 2.1016477 3.837e-02      8.778e-02
loglambda[1,8,1,3,1]   8.61518 1.9304724 3.525e-02      7.766e-02
loglambda[1,1,2,3,1]   7.72353 2.3516083 4.293e-02      1.094e-01
loglambda[1,2,2,3,1]   6.00016 3.1617088 5.772e-02      5.773e-02
loglambda[1,3,2,3,1]   7.04402 2.5016346 4.567e-02      1.188e-01
loglambda[1,4,2,3,1]   5.93127 3.2134182 5.867e-02      5.998e-02
loglambda[1,5,2,3,1]   8.24204 1.9498307 3.560e-02      7.878e-02
loglambda[1,6,2,3,1]   7.02338 2.3811820 4.347e-02      1.246e-01
loglambda[1,7,2,3,1]   7.70408 2.1671296 3.957e-02      9.565e-02
loglambda[1,8,2,3,1]   8.62722 2.0079066 3.666e-02      8.647e-02
loglambda[1,1,3,3,1]   7.75642 2.2927094 4.186e-02      1.019e-01
loglambda[1,2,3,3,1]   5.96593 3.1645904 5.778e-02      1.859e-01
loglambda[1,3,3,3,1]   7.14662 2.5404858 4.638e-02      1.228e-01
loglambda[1,4,3,3,1]   7.19796 2.5161934 4.594e-02      1.212e-01
loglambda[1,5,3,3,1]   8.49642 2.0671345 3.774e-02      8.480e-02
loglambda[1,6,3,3,1]   7.29378 2.4643269 4.499e-02      1.307e-01
loglambda[1,7,3,3,1]   7.97116 2.3253274 4.245e-02      1.076e-01
loglambda[1,8,3,3,1]   8.45233 1.8864134 3.444e-02      7.867e-02
loglambda[1,1,4,3,1]   7.59048 2.2307907 4.073e-02      9.824e-02
loglambda[1,2,4,3,1]   5.93239 3.1590750 5.768e-02      5.599e-02
loglambda[1,3,4,3,1]   7.07069 2.3332746 4.260e-02      1.031e-01
loglambda[1,4,4,3,1]   5.46684 4.0140175 7.329e-02      5.285e-01
loglambda[1,5,4,3,1]   8.35107 2.0329997 3.712e-02      8.589e-02
loglambda[1,6,4,3,1]   7.06705 2.4591122 4.490e-02      1.301e-01
loglambda[1,7,4,3,1]   7.61784 2.2146622 4.043e-02      9.404e-02
loglambda[1,8,4,3,1]   8.56198 2.0222853 3.692e-02      9.894e-02
loglambda[1,1,5,3,1]   7.86629 2.2705072 4.145e-02      1.072e-01
loglambda[1,2,5,3,1]   5.97799 3.2583171 5.949e-02      1.951e-01
loglambda[1,3,5,3,1]   7.14865 2.4516191 4.476e-02      1.149e-01
loglambda[1,4,5,3,1]   7.56870 2.2165282 4.047e-02      1.010e-01
loglambda[1,5,5,3,1]   1.55556 0.0222232 4.057e-04      3.781e-04
loglambda[1,6,5,3,1]   7.63119 2.1489863 3.923e-02      9.704e-02
loglambda[1,7,5,3,1]   7.85018 2.1817732 3.983e-02      9.744e-02
loglambda[1,8,5,3,1]   8.62220 1.9958594 3.644e-02      8.144e-02
loglambda[1,1,6,3,1]   7.78303 2.2693655 4.143e-02      9.760e-02
loglambda[1,2,6,3,1]   6.11816 3.1172483 5.691e-02      1.831e-01
loglambda[1,3,6,3,1]   7.19858 2.4796520 4.527e-02      1.181e-01
loglambda[1,4,6,3,1]   7.02518 2.4702029 4.510e-02      1.208e-01
loglambda[1,5,6,3,1]   8.55575 2.1457322 3.918e-02      9.299e-02
loglambda[1,6,6,3,1]   1.54182 0.1234688 2.254e-03      3.665e-02
loglambda[1,7,6,3,1]   7.84353 2.2271683 4.066e-02      9.824e-02
loglambda[1,8,6,3,1]   8.63348 2.0108909 3.671e-02      8.715e-02
loglambda[1,1,7,3,1]   7.91458 2.2184834 4.050e-02      9.870e-02
loglambda[1,2,7,3,1]   5.63243 3.2691935 5.969e-02      1.984e-01
loglambda[1,3,7,3,1]   7.14180 2.4994725 4.563e-02      1.221e-01
loglambda[1,4,7,3,1]   7.71302 2.2942717 4.189e-02      1.031e-01
loglambda[1,5,7,3,1]   8.44176 2.0412063 3.727e-02      8.400e-02
loglambda[1,6,7,3,1]   7.74952 2.2108787 4.036e-02      9.730e-02
loglambda[1,7,7,3,1]   2.72321 0.1109242 2.025e-03      6.802e-03
loglambda[1,8,7,3,1]   8.64446 1.9967569 3.646e-02      7.964e-02
loglambda[1,1,8,3,1]   8.15104 2.0718950 3.783e-02      7.916e-02
loglambda[1,2,8,3,1]   6.07076 3.2400401 5.915e-02      1.899e-01
loglambda[1,3,8,3,1]   7.02309 2.3911934 4.366e-02      1.111e-01
loglambda[1,4,8,3,1]   7.99041 2.0690956 3.778e-02      8.400e-02
loglambda[1,5,8,3,1]   8.45331 1.9935153 3.640e-02      7.721e-02
loglambda[1,6,8,3,1]   8.24046 2.1663070 3.955e-02      9.974e-02
loglambda[1,7,8,3,1]   8.15465 2.1357660 3.899e-02      1.022e-01
loglambda[1,8,8,3,1]   2.59280 0.0380675 6.950e-04      7.238e-04
loglambda[1,1,1,4,1]   6.46957 2.7974844 5.107e-02      1.408e-01
loglambda[1,2,1,4,1]   5.90299 3.3027914 6.030e-02      2.044e-01
loglambda[1,3,1,4,1]   7.33872 2.2910405 4.183e-02      1.037e-01
loglambda[1,4,1,4,1]   6.09725 3.1597239 5.769e-02      1.879e-01
loglambda[1,5,1,4,1]   8.61408 2.0723181 3.784e-02      8.515e-02
loglambda[1,6,1,4,1]   7.73245 2.0058103 3.662e-02      7.940e-02
loglambda[1,7,1,4,1]   7.94747 2.2690025 4.143e-02      9.893e-02
loglambda[1,8,1,4,1]   8.06798 2.0003530 3.652e-02      8.540e-02
loglambda[1,1,2,4,1]   6.43059 2.6839198 4.900e-02      1.331e-01
loglambda[1,2,2,4,1]   6.05403 3.2812636 5.991e-02      6.046e-02
loglambda[1,3,2,4,1]   7.62409 2.3902624 4.364e-02      1.154e-01
loglambda[1,4,2,4,1]   6.08224 3.1420365 5.737e-02      5.621e-02
loglambda[1,5,2,4,1]   8.30814 2.0055338 3.662e-02      7.678e-02
loglambda[1,6,2,4,1]   7.80701 2.4309821 4.438e-02      1.146e-01
loglambda[1,7,2,4,1]   7.69867 2.1677078 3.958e-02      9.236e-02
loglambda[1,8,2,4,1]   7.96556 2.0549897 3.752e-02      8.972e-02
loglambda[1,1,3,4,1]   6.34669 2.7537497 5.028e-02      1.379e-01
loglambda[1,2,3,4,1]   5.97119 3.0849204 5.632e-02      1.752e-01
loglambda[1,3,3,4,1]   7.34777 2.2460415 4.101e-02      9.513e-02
loglambda[1,4,3,4,1]   5.86832 3.1496545 5.750e-02      1.863e-01
loglambda[1,5,3,4,1]   8.67128 2.2323709 4.076e-02      9.867e-02
loglambda[1,6,3,4,1]   7.82490 2.2219974 4.057e-02      9.757e-02
loglambda[1,7,3,4,1]   7.84951 2.2278117 4.067e-02      9.884e-02
loglambda[1,8,3,4,1]   8.04884 2.0601506 3.761e-02      8.665e-02
loglambda[1,1,4,4,1]   6.50736 2.8269051 5.161e-02      1.480e-01
loglambda[1,2,4,4,1]   5.96379 3.2079949 5.857e-02      5.847e-02
loglambda[1,3,4,4,1]   7.45648 2.3437199 4.279e-02      1.037e-01
loglambda[1,4,4,4,1]   5.97048 3.2028447 5.848e-02      6.101e-02
loglambda[1,5,4,4,1]   8.51127 2.2442268 4.097e-02      1.052e-01
loglambda[1,6,4,4,1]   7.77490 2.4320440 4.440e-02      1.176e-01
loglambda[1,7,4,4,1]   7.99672 2.2201251 4.053e-02      9.790e-02
loglambda[1,8,4,4,1]   7.86190 1.9154417 3.497e-02      7.565e-02
loglambda[1,1,5,4,1]   6.65153 2.8146718 5.139e-02      1.599e-01
loglambda[1,2,5,4,1]   6.44841 3.2170638 5.874e-02      1.945e-01
loglambda[1,3,5,4,1]   7.46588 2.3654268 4.319e-02      1.119e-01
loglambda[1,4,5,4,1]   5.93313 3.2429890 5.921e-02      1.965e-01
loglambda[1,5,5,4,1]   3.81455 0.1412151 2.578e-03      2.601e-03
loglambda[1,6,5,4,1]   7.82233 2.0648597 3.770e-02      8.932e-02
loglambda[1,7,5,4,1]   7.82635 2.1217160 3.874e-02      8.895e-02
loglambda[1,8,5,4,1]   7.97955 1.9754373 3.607e-02      8.396e-02
loglambda[1,1,6,4,1]   6.54955 2.7376742 4.998e-02      1.353e-01
loglambda[1,2,6,4,1]   6.11451 3.3292101 6.078e-02      1.992e-01
loglambda[1,3,6,4,1]   7.46696 2.2583802 4.123e-02      9.789e-02
loglambda[1,4,6,4,1]   6.17292 3.2422738 5.920e-02      1.894e-01
loglambda[1,5,6,4,1]   8.27111 1.9440027 3.549e-02      7.399e-02
loglambda[1,6,6,4,1]   4.05818 0.5022867 9.170e-03      9.267e-03
loglambda[1,7,6,4,1]   7.92493 2.2282637 4.068e-02      9.767e-02
loglambda[1,8,6,4,1]   8.33876 2.2037365 4.023e-02      1.071e-01
loglambda[1,1,7,4,1]   6.61940 2.8546460 5.212e-02      1.628e-01
loglambda[1,2,7,4,1]   5.58482 3.1414564 5.735e-02      1.757e-01
loglambda[1,3,7,4,1]   7.44903 2.3025480 4.204e-02      1.043e-01
loglambda[1,4,7,4,1]   5.95035 3.0652293 5.596e-02      1.773e-01
loglambda[1,5,7,4,1]   8.65095 2.1513631 3.928e-02      9.979e-02
loglambda[1,6,7,4,1]   7.90193 2.1701285 3.962e-02      9.921e-02
loglambda[1,7,7,4,1]   7.79147 2.1099040 3.852e-02      9.073e-02
loglambda[1,8,7,4,1]   8.15253 2.1103813 3.853e-02      9.554e-02
loglambda[1,1,8,4,1]   6.67966 2.8832473 5.264e-02      1.594e-01
loglambda[1,2,8,4,1]   6.47856 3.2051600 5.852e-02      1.861e-01
 [到达getOption("max.print") -- 忽略774行]]

2. Quantiles for each variable:

                           2.5%       25%       50%      75%    97.5%
loglambda[1,1,1,1,1]  4.477e+00   6.02897   7.31726  9.02783 12.80989
loglambda[1,2,1,1,1]  3.336e+00   3.78958   4.07987  4.41870  5.29853
loglambda[1,3,1,1,1]  3.673e+00   4.11305   4.39874  4.73034  5.54176
loglambda[1,4,1,1,1]  3.370e+00   3.79240   4.08724  4.44020  5.29792
loglambda[1,5,1,1,1]  4.370e+00   4.52732   4.61389  4.70332  4.88634
loglambda[1,6,1,1,1]  5.510e+00   6.89505   7.94972  9.40654 13.12766
loglambda[1,7,1,1,1]  5.843e+00   7.25006   8.38461  9.87907 13.26718
loglambda[1,8,1,1,1]  6.216e+00   7.42508   8.51511  9.94028 13.49940
loglambda[1,1,2,1,1]  4.633e+00   6.25162   7.54634  9.26513 12.68727
loglambda[1,2,2,1,1] -1.759e+00  -1.75839  -1.75813 -1.75777 -1.75658
loglambda[1,3,2,1,1]  3.415e+00   4.00170   4.43421  5.00718  6.40012
loglambda[1,4,2,1,1] -3.218e-01   3.75627   5.90140  8.07835 12.61132
loglambda[1,5,2,1,1]  6.256e+00   7.52372   8.63510  9.99196 13.45475
loglambda[1,6,2,1,1]  7.041e+00  10.65172  15.07036 18.68271 28.05990
loglambda[1,7,2,1,1]  5.826e+00   7.14607   8.31096  9.84355 13.09031
loglambda[1,8,2,1,1]  6.149e+00   7.39042   8.60112  9.99923 13.21481
loglambda[1,1,3,1,1]  3.916e+00   4.53104   4.93740  5.46928  6.78636
loglambda[1,2,3,1,1]  1.863e+00   2.32028   2.62455  2.98253  3.86416
loglambda[1,3,3,1,1]  4.062e+00   5.73498   7.21357  8.90624 12.64649
loglambda[1,4,3,1,1]  1.428e+00   1.70383   1.88038  2.05936  2.46285
loglambda[1,5,3,1,1]  6.235e+00   7.52954   8.58483 10.06114 13.28659
loglambda[1,6,3,1,1]  5.392e+00   6.78072   7.97002  9.44848 12.85008
loglambda[1,7,3,1,1]  3.730e+00   3.86080   3.93706  4.02305  4.18058
loglambda[1,8,3,1,1]  6.218e+00   7.43553   8.58169 10.08911 13.60533
loglambda[1,1,4,1,1]  3.897e+00   4.52209   4.92062  5.42771  6.70820
loglambda[1,2,4,1,1] -3.662e-01   3.80774   5.97688  8.16713 12.38617
loglambda[1,3,4,1,1]  4.208e+00   5.83433   7.25301  9.02503 12.90034
loglambda[1,4,4,1,1] -7.815e-01  -0.78086  -0.78048 -0.78007 -0.77911
loglambda[1,5,4,1,1]  6.325e+00   7.57977   8.78932 10.25381 13.62973
loglambda[1,6,4,1,1]  5.454e+00   6.81611   8.05940  9.81130 13.17641
loglambda[1,7,4,1,1]  5.787e+00   7.09680   8.23168  9.72977 12.89194
loglambda[1,8,4,1,1]  4.503e+00   4.71409   4.82885  4.95421  5.22468
loglambda[1,1,5,1,1]  2.698e+00   2.83321   2.91326  3.00116  3.17243
loglambda[1,2,5,1,1]  4.213e+00   5.90852   7.32854  9.14939 13.06653
loglambda[1,3,5,1,1]  4.623e+00   6.03854   7.32776  8.92877 12.62197
loglambda[1,4,5,1,1]  4.220e+00   5.85139   7.28894  9.09102 12.82032
loglambda[1,5,5,1,1]  2.158e-01   0.21812   0.21931  0.22106  0.22556
loglambda[1,6,5,1,1]  2.753e+00   2.83306   2.87475  2.92101  3.00512
loglambda[1,7,5,1,1]  2.559e+00   2.61072   2.63521  2.66095  2.71394
loglambda[1,8,5,1,1]  2.422e+00   2.44803   2.46483  2.48569  2.54284
loglambda[1,1,6,1,1]  4.746e+00   6.33210   7.56376  9.14816 12.71629
loglambda[1,2,6,1,1]  1.274e+00   1.51042   1.65274  1.80574  2.15068
loglambda[1,3,6,1,1]  4.295e+00   5.80185   7.16481  8.97108 12.78906
loglambda[1,4,6,1,1]  3.173e+00   5.22882   6.83001  8.79311 12.88306
loglambda[1,5,6,1,1]  3.810e+00   3.91028   3.96180  4.01443  4.11788
loglambda[1,6,6,1,1] -4.497e-01  -0.44119  -0.43749 -0.43254 -0.42755
loglambda[1,7,6,1,1]  2.949e+00   3.01743   3.05555  3.09015  3.16776
loglambda[1,8,6,1,1]  2.948e+00   2.98850   3.01439  3.04450  3.13086
loglambda[1,1,7,1,1]  4.932e+00   6.46260   7.79234  9.48763 13.18149
loglambda[1,2,7,1,1]  4.417e+00   6.03600   7.45628  9.11436 12.41219
loglambda[1,3,7,1,1]  2.305e+00   2.42797   2.49721  2.56490  2.70073
loglambda[1,4,7,1,1]  4.322e+00   6.01226   7.42002  9.16566 13.00835
loglambda[1,5,7,1,1]  3.363e+00   3.42653   3.46066  3.49656  3.56828
loglambda[1,6,7,1,1]  2.980e+00   3.08030   3.13469  3.18852  3.30001
loglambda[1,7,7,1,1] -6.252e-02  -0.06102  -0.06027 -0.05916 -0.05631
loglambda[1,8,7,1,1]  2.370e+00   2.39216   2.40557  2.42741  2.50719
loglambda[1,1,8,1,1]  5.177e+00   6.63500   7.82934  9.36251 13.11908
loglambda[1,2,8,1,1]  4.985e+00   6.55539   7.94546  9.57195 13.06660
loglambda[1,3,8,1,1]  5.091e+00   6.57829   7.83018  9.34194 12.65987
loglambda[1,4,8,1,1]  3.887e+00   4.24173   4.46978  4.74544  5.41507
loglambda[1,5,8,1,1]  2.509e+00   2.54071   2.55541  2.57092  2.60225
loglambda[1,6,8,1,1]  2.330e+00   2.37702   2.40225  2.42760  2.47600
loglambda[1,7,8,1,1]  2.274e+00   2.31090   2.32994  2.34816  2.38285
loglambda[1,8,8,1,1]  3.301e+00   4.05559   5.11514  7.59814 12.50356
loglambda[1,1,1,2,1] -1.070e-01   3.97151   6.12270  8.31530 12.56217
loglambda[1,2,1,2,1]  3.247e-01   4.14728   6.25134  8.39463 12.60851
loglambda[1,3,1,2,1] -4.388e-01   3.83495   5.98229  8.21486 12.20571
loglambda[1,4,1,2,1] -4.243e-01   3.64801   5.70983  7.94300 12.66252
loglambda[1,5,1,2,1]  4.445e+00   6.04138   7.38152  9.10779 13.18391
loglambda[1,6,1,2,1]  4.448e+00   6.03723   7.40816  9.12098 12.80527
loglambda[1,7,1,2,1]  4.347e+00   5.96463   7.34104  9.00565 12.87136
loglambda[1,8,1,2,1]  4.563e+00   6.13718   7.55421  9.21157 12.80962
loglambda[1,1,2,2,1] -4.124e-01   3.79291   5.97484  8.06212 12.37193
loglambda[1,2,2,2,1] -2.603e-01   3.83419   6.02046  8.19959 12.25109
loglambda[1,3,2,2,1] -8.331e-02   4.02509   6.11812  8.28821 12.20293
loglambda[1,4,2,2,1] -4.289e-01   3.89617   6.05339  8.29121 12.65007
loglambda[1,5,2,2,1]  2.989e+00   4.99732   6.69204  8.70568 12.68827
loglambda[1,6,2,2,1]  2.393e+00   4.73398   6.38665  8.42442 12.27181
loglambda[1,7,2,2,1]  2.648e+00   4.98727   6.87146  8.88234 12.72244
loglambda[1,8,2,2,1]  3.919e+00   5.68402   7.25985  9.07788 12.86283
loglambda[1,1,3,2,1] -2.987e-01   3.63845   5.90266  8.20986 12.30645
loglambda[1,2,3,2,1] -4.793e-01   3.66617   5.91003  7.97510 12.24551
loglambda[1,3,3,2,1]  2.755e-01   3.73904   5.81266  8.15351 12.34532
loglambda[1,4,3,2,1] -3.370e-01   3.93140   6.22281  8.60997 12.87092
loglambda[1,5,3,2,1]  3.400e+00   5.15286   6.67737  8.51883 12.29647
loglambda[1,6,3,2,1]  3.246e+00   5.20616   6.94425  8.78309 12.62821
loglambda[1,7,3,2,1]  3.236e+00   5.27891   6.97188  8.90304 13.21935
loglambda[1,8,3,2,1]  4.040e+00   5.77444   7.18041  8.84238 12.41355
loglambda[1,1,4,2,1] -4.423e-01   3.82549   6.02430  8.23269 12.35317
loglambda[1,2,4,2,1] -2.519e-01   3.89524   6.08001  8.19658 12.45698
loglambda[1,3,4,2,1] -1.550e-01   3.94635   6.20422  8.25653 12.32047
loglambda[1,4,4,2,1] -3.067e-01   3.97258   6.00347  8.20907 12.26363
loglambda[1,5,4,2,1]  3.096e+00   5.01005   6.64981  8.54593 12.61634
loglambda[1,6,4,2,1]  2.348e+00   4.97979   6.94302  8.95298 13.21514
loglambda[1,7,4,2,1]  2.702e+00   4.88070   6.65644  8.47573 12.16157
loglambda[1,8,4,2,1]  3.868e+00   5.61489   7.07696  9.02836 12.88225
loglambda[1,1,5,2,1] -6.822e-01   3.81693   5.98997  8.18902 12.18638
loglambda[1,2,5,2,1] -1.718e-02   3.87977   5.96435  8.08412 12.44331
loglambda[1,3,5,2,1] -3.484e-02   3.71253   5.82084  7.96016 11.73574
loglambda[1,4,5,2,1]  9.453e-02   3.90208   5.98075  8.24716 12.80993
loglambda[1,5,5,2,1]  2.114e+00   2.27665   2.36360  2.45135  2.64021
loglambda[1,6,5,2,1]  4.187e+00   5.89373   7.33528  9.04212 12.43651
loglambda[1,7,5,2,1]  4.248e+00   6.07475   7.61612  9.42322 13.30267
loglambda[1,8,5,2,1]  4.414e+00   5.95339   7.30602  8.91816 12.40813
loglambda[1,1,6,2,1]  1.861e-01   4.17057   6.27149  8.31820 12.11261
loglambda[1,2,6,2,1] -7.613e-01   3.77158   6.01228  8.22260 12.57855
loglambda[1,3,6,2,1] -4.054e-01   3.78796   5.95640  7.98959 11.81264
loglambda[1,4,6,2,1] -1.997e-01   3.88795   6.10922  8.06712 12.40403
loglambda[1,5,6,2,1]  3.370e+00   5.39578   6.99300  8.71211 12.69872
loglambda[1,6,6,2,1]  1.540e+00   1.85692   2.03491  2.22993  2.69199
loglambda[1,7,6,2,1]  3.221e+00   5.28312   6.94742  8.88072 12.57194
loglambda[1,8,6,2,1]  3.963e+00   5.65641   7.11623  8.80238 12.73071
loglambda[1,1,7,2,1]  1.242e-01   3.99866   6.04914  8.25891 12.07982
loglambda[1,2,7,2,1] -4.886e-01   3.89068   6.10276  8.34474 12.31236
loglambda[1,3,7,2,1] -2.729e-01   3.78447   5.92072  8.01548 11.78203
loglambda[1,4,7,2,1] -3.736e-01   3.96786   6.09500  8.09088 11.84097
loglambda[1,5,7,2,1]  4.360e+00   5.95036   7.36278  9.07144 12.46744
loglambda[1,6,7,2,1]  4.369e+00   6.03640   7.51241  9.17195 12.71429
loglambda[1,7,7,2,1]  2.469e+00   2.66077   2.77293  2.88603  3.13770
loglambda[1,8,7,2,1]  4.594e+00   6.10045   7.47856  9.24448 12.99712
loglambda[1,1,8,2,1]  7.003e-02   3.99121   5.99019  8.15823 12.62359
loglambda[1,2,8,2,1]  2.734e-01   4.26465   6.36547  8.41251 12.33842
loglambda[1,3,8,2,1] -6.136e-01   3.77816   5.98118  8.21366 12.17649
loglambda[1,4,8,2,1] -5.973e-01   3.70267   5.71219  7.91696 12.22904
loglambda[1,5,8,2,1]  5.081e+00   6.61094   7.89655  9.46734 12.99637
loglambda[1,6,8,2,1]  5.097e+00   6.50707   7.78128  9.44067 12.61301
loglambda[1,7,8,2,1]  5.099e+00   6.64249   7.94236  9.64554 13.30814
loglambda[1,8,8,2,1]  3.221e+00   3.39622   3.50389  3.61259  3.84230
loglambda[1,1,1,3,1]  3.916e+00   4.51304   4.91869  5.45090  6.93189
loglambda[1,2,1,3,1] -6.948e-01   3.61210   5.75963  7.90793 11.78828
loglambda[1,3,1,3,1]  3.402e+00   5.55916   7.15808  9.14865 12.83994
loglambda[1,4,1,3,1]  4.534e+00   6.15162   7.57820  9.24566 12.94361
loglambda[1,5,1,3,1]  5.461e+00   6.92664   8.15506  9.81121 13.56650
loglambda[1,6,1,3,1]  4.539e+00   6.08472   7.41514  8.96980 12.28862
loglambda[1,7,1,3,1]  4.795e+00   6.34957   7.67114  9.26685 12.75592
loglambda[1,8,1,3,1]  5.819e+00   7.10718   8.31246  9.76550 12.92616
loglambda[1,1,2,3,1]  4.179e+00   5.91446   7.44078  9.12264 13.14199
loglambda[1,2,2,3,1] -3.121e-01   3.92284   5.96576  8.22237 12.02861
loglambda[1,3,2,3,1]  3.211e+00   5.16128   6.69757  8.55575 12.77634
loglambda[1,4,2,3,1] -4.277e-01   3.75601   5.93277  7.98495 12.20333
loglambda[1,5,2,3,1]  5.415e+00   6.74821   7.89196  9.42460 12.62142
loglambda[1,6,2,3,1]  3.171e+00   5.20547   6.73158  8.60700 12.30933
loglambda[1,7,2,3,1]  4.472e+00   6.02835   7.40437  9.00098 12.51171
loglambda[1,8,2,3,1]  5.716e+00   7.10791   8.32961  9.82613 13.16784
loglambda[1,1,3,3,1]  4.303e+00   5.98700   7.45551  9.17640 12.94050
loglambda[1,2,3,3,1] -1.095e-01   3.79359   5.96540  8.11155 12.18061
loglambda[1,3,3,3,1]  3.318e+00   5.25093   6.75925  8.79347 12.94144
loglambda[1,4,3,3,1]  3.235e+00   5.28805   6.94710  8.81631 12.76071
loglambda[1,5,3,3,1]  5.393e+00   6.92310   8.17986  9.75336 13.18102
loglambda[1,6,3,3,1]  3.424e+00   5.43889   6.99506  8.83265 12.82818
loglambda[1,7,3,3,1]  4.465e+00   6.19183   7.66639  9.38959 13.15773
loglambda[1,8,3,3,1]  5.698e+00   7.03276   8.08477  9.62975 12.92066
loglambda[1,1,4,3,1]  4.205e+00   5.86964   7.29805  9.04049 12.40867
loglambda[1,2,4,3,1] -1.542e-01   3.71154   5.98418  7.97767 12.23318
loglambda[1,3,4,3,1]  3.260e+00   5.31873   6.86633  8.59614 12.10326
loglambda[1,4,4,3,1] -1.775e+00   3.55133   5.79482  7.97958 11.60411
loglambda[1,5,4,3,1]  5.398e+00   6.77800   8.04741  9.60489 12.87481
loglambda[1,6,4,3,1]  3.394e+00   5.18379   6.72840  8.60081 12.58422
loglambda[1,7,4,3,1]  4.290e+00   5.91568   7.34299  8.97371 12.65691
loglambda[1,8,4,3,1]  5.688e+00   7.07775   8.14870  9.71195 13.49124
loglambda[1,1,5,3,1]  4.590e+00   6.13336   7.44725  9.21892 13.05655
loglambda[1,2,5,3,1] -1.191e-01   3.81510   6.00019  8.10423 12.47976
loglambda[1,3,5,3,1]  3.318e+00   5.21864   6.92682  8.79611 12.48695
loglambda[1,4,5,3,1]  4.215e+00   5.87925   7.25039  9.04752 12.55021
loglambda[1,5,5,3,1]  1.513e+00   1.54025   1.55534  1.56997  1.60052
loglambda[1,6,5,3,1]  4.279e+00   5.99454   7.39709  8.99791 12.51359
loglambda[1,7,5,3,1]  4.627e+00   6.18429   7.51272  9.20627 12.80111
loglambda[1,8,5,3,1]  5.715e+00   7.11882   8.30162  9.79339 13.42182
loglambda[1,1,6,3,1]  4.306e+00   6.08297   7.48958  9.16692 12.82660
loglambda[1,2,6,3,1] -1.035e-01   4.05416   6.09960  8.13746 12.33026
loglambda[1,3,6,3,1]  3.250e+00   5.32040   6.92579  8.91366 12.64025
loglambda[1,4,6,3,1]  3.135e+00   5.14878   6.76689  8.58423 12.38795
loglambda[1,5,6,3,1]  5.409e+00   6.94826   8.20845  9.83227 13.46113
loglambda[1,6,6,3,1]  1.380e+00   1.45186   1.50298  1.61250  1.83673
loglambda[1,7,6,3,1]  4.448e+00   6.12969   7.56543  9.24764 12.79765
loglambda[1,8,6,3,1]  5.762e+00   7.09433   8.26948  9.85078 13.35417
loglambda[1,1,7,3,1]  4.592e+00   6.21296   7.55896  9.33100 12.78556
loglambda[1,2,7,3,1] -8.160e-01   3.35326   5.64777  7.84513 12.14013
loglambda[1,3,7,3,1]  3.265e+00   5.24025   6.85175  8.76876 12.72792
loglambda[1,4,7,3,1]  4.384e+00   5.96478   7.33541  9.07141 13.10380
loglambda[1,5,7,3,1]  5.508e+00   6.87714   8.09523  9.64172 13.18523
loglambda[1,6,7,3,1]  4.418e+00   6.03512   7.49437  9.21112 12.61073
loglambda[1,7,7,3,1]  2.510e+00   2.65127   2.71859  2.79324  2.95024
loglambda[1,8,7,3,1]  5.692e+00   7.12096   8.31471  9.86284 13.16189
loglambda[1,1,8,3,1]  5.114e+00   6.61104   7.80984  9.36356 12.94750
loglambda[1,2,8,3,1] -1.582e-01   3.81695   6.14077  8.22707 12.44520
loglambda[1,3,8,3,1]  3.292e+00   5.21968   6.83997  8.50317 12.32633
loglambda[1,4,8,3,1]  4.967e+00   6.44694   7.63971  9.18681 12.83431
loglambda[1,5,8,3,1]  5.589e+00   6.96784   8.11289  9.58518 13.25839
loglambda[1,6,8,3,1]  5.016e+00   6.55547   7.96641  9.62797 12.98722
loglambda[1,7,8,3,1]  5.186e+00   6.54910   7.73454  9.36545 13.40994
loglambda[1,8,8,3,1]  2.521e+00   2.56560   2.59275  2.61806  2.66812
loglambda[1,1,1,4,1]  1.756e+00   4.31918   6.28560  8.37288 12.18883
loglambda[1,2,1,4,1] -3.933e-01   3.60467   5.76825  8.00862 12.67084
loglambda[1,3,1,4,1]  3.948e+00   5.58436   7.02199  8.72239 12.63233
loglambda[1,4,1,4,1]  2.680e-02   3.95809   5.97770  8.19325 12.24825
loglambda[1,5,1,4,1]  5.523e+00   7.08913   8.23932  9.88754 13.41084
loglambda[1,6,1,4,1]  4.695e+00   6.21547   7.40873  8.96630 12.27009
loglambda[1,7,1,4,1]  4.634e+00   6.18223   7.60209  9.37198 13.15608
loglambda[1,8,1,4,1]  5.114e+00   6.55163   7.76116  9.23257 12.74821
 [到达getOption("max.print") -- 忽略824行]]

